-------------------------------------------------------------------------------------
Encoder with cost 43:
[1 0 0 0 0 0 0 0 0 0 0 0 0 0 0 0 b 6 1 6 a e a 9 d 3 3 c 9 f 2 9]
[0 1 0 0 0 0 0 0 0 0 0 0 0 0 0 0 6 c 0 4 2 8 9 2 5 b 9 5 4 1 f 6]
[0 0 1 0 0 0 0 0 0 0 0 0 0 0 0 0 9 b 2 2 1 b d f d 3 2 1 e 1 3 a]
[0 0 0 1 0 0 0 0 0 0 0 0 0 0 0 0 0 0 9 8 b 6 2 1 b a f a a f 1 e]
[0 0 0 0 1 0 0 0 0 0 0 0 0 0 0 0 d d 3 f 3 1 b 2 9 2 a e 1 b 1 2]
[0 0 0 0 0 1 0 0 0 0 0 0 0 0 0 0 1 9 8 4 e a 2 5 f 2 c c 9 a 1 9]
[0 0 0 0 0 0 1 0 0 0 0 0 0 0 0 0 5 9 b 2 f 1 c 4 6 0 6 4 5 8 2 9]
[0 0 0 0 0 0 0 1 0 0 0 0 0 0 0 0 1 4 e 9 d 2 a c 0 6 6 9 2 0 b a]
[0 0 0 0 0 0 0 0 1 0 0 0 0 0 0 0 d a 3 9 2 f 6 6 b 1 9 9 c e a 3]
[0 0 0 0 0 0 0 0 0 1 0 0 0 0 0 0 0 a 6 c b 0 4 9 1 e a 2 9 2 d 6]
[0 0 0 0 0 0 0 0 0 0 1 0 0 0 0 0 2 0 5 6 9 0 1 5 f c d f 1 b d b]
[0 0 0 0 0 0 0 0 0 0 0 1 0 0 0 0 b 2 a 1 1 f 0 8 0 9 e a a 6 b f]
[0 0 0 0 0 0 0 0 0 0 0 0 1 0 0 0 c e a b 3 a 6 0 5 b 1 8 2 9 2 3]
[0 0 0 0 0 0 0 0 0 0 0 0 0 1 0 0 f 2 2 5 1 a 9 4 1 8 9 9 c a e c]
[0 0 0 0 0 0 0 0 0 0 0 0 0 0 1 0 f 1 c 5 d b 0 6 2 5 b 1 f 0 9 d]
[0 0 0 0 0 0 0 0 0 0 0 0 0 0 0 1 5 6 b 0 2 9 e b c a 3 2 8 a 3 1]
Is obtained from point permutation:
17 26 9 0 29 30 15 3 4 23 7 21 12 11 19 24 6 22 25 27 8 1 2 14 18 13 5 10 31 20 28 16 
-------------------------------------------------------------------------------------
